# http://www.sph.emory.edu/~dkleinb/datasets/cancer.dat
1 1 0 1 0 0 1 0 0 0 0 0 1 0 0 1 1 0 0 0 1 0 1 1 0 1 0 0 1 0 1 1 0 0 0 1 0 1 1 0 0 0 1 0 1 1 0 0 0 1
2 1 0 1 1 0 1 0 0 0 0 0 1 0 0 1 1 0 1 0 1 0 1 1 0 1 0 0 1 0 1 1 0 0 0 0 0 1 1 0 0 0 1 0 1 1 0 0 0 1
3 1 0 1 1 0 0 1 1 1 1 0 1 1 0 0 1 0 0 1 0 0 0 0 1 1 0 0 1 1 0 1 0 1 1 0 1 0 0 1 0 0 1 0 1 0 0 1 1 0
4 0 1 0 1 1 0 0 0 0 1 1 1 1 0 1 1 0 1 1 1 1 0 1 1 1 1 0 1 1 0 1 1 1 1 0 1 1 0 1 1 1 1 1 1 1 0 0 1 0
5 1 1 1 1 1 1 1 1 1 1 0 0 0 0 0 0 0 0 1 0 0 1 1 1 1 1 1 1 0 1 0 0 1 0 1 0 1 1 1 1 0 1 0 0 1 1 1 1 1
6 0 0 1 1 1 0 1 0 1 1 0 0 1 0 1 0 0 1 1 0 0 0 1 1 1 0 1 1 0 0 0 1 1 1 0 1 1 1 1 1 0 0 1 0 0 0 0 1 1
7 0 0 1 1 0 1 1 1 0 0 1 0 0 1 0 1 1 1 1 1 0 0 0 1 1 0 1 1 1 1 0 1 0 0 0 1 1 0 1 1 0 1 1 0 1 0 0 1 0
8 0 0 1 0 0 1 1 1 0 0 1 1 1 1 0 1 1 1 0 0 1 1 1 1 0 0 0 0 0 1 0 0 1 1 1 1 1 1 1 1 1 1 0 1 0 1 1 1 1
9 0 1 1 0 0 1 1 1 0 0 1 1 0 0 0 1 1 1 0 0 1 1 0 1 0 0 0 0 1 0 1 1 1 0 0 0 1 0 0 0 1 0 1 0 0 1 1 0 0
10 1 0 0 1 0 0 1 0 1 1 0 1 0 1 0 1 1 0 0 1 1 0 0 0 0 0 1 1 0 0 1 0 0 1 0 1 0 0 1 0 1 0 0 0 1 0 1 1 0
11 1 0 0 1 0 0 0 0 1 1 0 1 0 1 0 1 1 0 0 0 1 0 0 0 0 0 1 1 0 0 1 0 0 1 1 1 0 0 1 0 1 0 0 0 1 0 1 0 0
12 0 1 1 1 0 1 0 1 1 0 0 0 0 1 1 0 0 0 1 1 1 0 0 1 0 0 1 0 0 1 1 1 0 0 1 0 1 0 1 0 0 1 1 1 1 1 1 1 1